-1001656002011
-1001528975841
-1001487867251
-1001843745008
-1002056047487
-1002177235779
-1002450214107
-1001737436039
-1001303240837
-1001689552682
-1001469954234
-1001967254470
-1001192763673
-1001152709169
-1001214856923
-1001521356990
-1001443073717
-1001653328148
-1001785963053
-1001542814253
-1002027432852
-1001439462858
-1001826156792
-1001826156792_1
-1001826156792_2447
-1001680161124
-1001680161124_1
-1001680161124_2407
-1001680161124_14322
-1001233154076
-1001233154076_26797
-1001233154076_26808
-1001690453528
-1001671790259
-1001671790259_1
-1001671790259_10849
-1001400292425
-1001400292425_33679
-1001400292425_33681
-1001400292425_1
-1001604281225
-1001792118376
-1001781843188
-1001863216773
-1001176231072
-1001288938934
-1001779079948
-1001779079948_1
-1001779079948_5243
-1001899291191
-1001899291191_561
-1001899291191_1
-1001899291191_566
-1001749405635
-1001489276275
-1002075719264
-1001209070797
-1001775658217
-1001563191516
-1001883905473
-1001500470838
-1001542881380
-1001731622900
-1001731622900_9305
-1001731622900_1
-1001899291191_565
-1001334406851
-1002374170706
-1001150179970
-1001882889516
-1002067436817
-1002229193563
-1001287419084
-1001496943292
-1001489104784
-1001508463391
-1001565759204